# The modifications of the output file from Kalibr:
# 1. For each matrix (e.g. cam0/T_cam_imu), remove the brackets and minus sign for each line. Use one pair of brackets for each matrix.
# 2. Add the T_imu_body at the end of the calibration file (usually set to identity).

# Intrinsics left: {width: 752, height: 480, fx: 361.59827858716784021, fy: 362.46702642448724419, cx: 400.13966607947685361, cy: 239.61278042253812259, model: 0, coeffs: [-0.28039214137788482, 0.05947525431483357, -0.00060292674064798, 0.00036842172707575, 0.00000000000000000]}
# Intrinsics right: {width: 752, height: 480, fx: 364.52228046123519789, fy: 364.92502611493637232, cx: 373.39401407625882712, cy: 242.92778271175330929, model: 0, coeffs: [-0.29273565925041550, 0.07172456431633339, 0.00097292639426793, 0.00034540574244728, 0.00000000000000000]}

cam0:
  T_cam_imu:
    [-0.00702,   0.99997,  -0.00108,   0.04326,
  -0.99996,  -0.00703,  -0.00471,   0.00380,
  -0.00472,   0.00104,   0.99999,  -0.02684,
   0.00000,   0.00000,   0.00000,   1.00000]
  camera_model: pinhole
  distortion_coeffs: [-0.28039214137788482, 0.05947525431483357, -0.00060292674064798, 0.00036842172707575, 0.00000000000000000]
  distortion_model: radtan
  intrinsics: [361.59827858716784021, 362.46702642448724419, 400.13966607947685361, 239.61278042253812259]
  resolution: [752, 480]
  rostopic: /mynteye/left/image_raw
cam1:
  T_cam_imu:
    [0.00190,   1.00000,   0.00168,  -0.07666,
  -1.00000,   0.00191,  -0.00249,   0.00330,
  -0.00249,  -0.00168,   1.00000,  -0.02686,
   0.00000,   0.00000,   0.00000,   1.00000]
  T_cn_cnm1:
    [0.99996,  -0.00894,   0.00272,  -0.11981,
   0.00893,   0.99996,   0.00224,  -0.00083,
  -0.00274,  -0.00221,   0.99999,   0.00011,
   0.00000,   0.00000,   0.00000,   1.00000]
  camera_model: pinhole
  distortion_coeffs: [-0.29273565925041550, 0.07172456431633339, 0.00097292639426793, 0.00034540574244728, 0.00000000000000000]
  distortion_model: radtan
  intrinsics: [364.52228046123519789, 364.92502611493637232, 373.39401407625882712, 242.92778271175330929]
  resolution: [752, 480]
  rostopic: /mynteye/right/image_raw
T_imu_body:
  [1.0000, 0.0000, 0.0000, 0.0000,
  0.0000, 1.0000, 0.0000, 0.0000,
  0.0000, 0.0000, 1.0000, 0.0000,
  0.0000, 0.0000, 0.0000, 1.0000]
